0.0030,0.0,0.0,0.0
0.026,0.0,0.0,0.0
0.041,0.0,0.0,0.0
0.061,0.0,0.0,0.0
0.081,0.0,0.0,0.0
0.101,0.0,0.0,0.0
0.121,0.0,0.0,0.0
0.141,0.0,0.0,0.0
0.161,0.0,0.0,0.0
0.182,0.0,0.0,0.0
0.203,0.0,0.0,0.0
0.222,0.0,0.0,0.0
0.241,0.0,0.0,0.0
0.261,0.0,0.0,0.0
0.282,0.0,0.0,0.0
0.303,0.0,0.0,0.0
0.321,0.0,0.0,0.0
0.341,0.0,0.0,0.0
0.361,0.0,0.0,0.0
0.382,0.0,0.0,0.0
0.401,0.0,0.0,0.0
0.421,0.0,0.0,0.0
0.441,0.0,0.0,0.0
0.462,0.0,0.0,0.0
0.482,0.0,0.0,0.0
0.501,0.0,0.0,0.0
0.521,0.0,0.0,0.0
0.542,0.0,0.0,0.0
0.563,0.0,0.0,0.0
0.582,0.0,0.0,0.0
0.601,0.0,0.0,0.0
0.621,0.0,0.0,0.0
0.642,0.0,0.0,0.0
0.663,0.0,0.0,0.0
0.682,0.0,0.0,0.0
0.701,0.0,0.0,0.0
0.721,0.0,0.0,0.0
0.742,0.0,0.0,0.0
0.761,0.0,0.0,0.0
0.782,0.0,0.0,0.0
0.801,0.0,0.0,0.0
0.821,0.0,0.0,0.0
0.841,0.0,0.0,0.0
0.861,0.0,0.0,0.0
0.882,0.0,0.0,0.0
0.901,0.0,0.0,0.0
0.921,0.0,0.0,0.0
0.941,0.0,0.0,0.0
0.961,0.0,0.0,0.0
0.982,0.0,0.0,0.0
1.001,0.0,0.0,0.0
1.022,0.0,0.0,0.0
1.041,0.0,0.0,0.0
1.061,0.0,0.0,0.0
1.082,0.0,0.0,0.0
1.101,0.0,0.0,0.0
1.126,0.0,0.0,0.0
1.141,0.0,0.0,0.0
1.161,0.0,0.0,0.0
1.182,0.0,0.0,0.0
1.201,0.0,0.0,0.0
1.222,0.0,0.0,0.0
1.241,0.0,0.0,0.0
1.261,0.0,0.0,0.0
1.282,0.0,0.0,0.0
1.301,0.0,0.0,0.0
1.321,0.0,0.0,0.0
1.341,0.0,0.0,0.0
1.361,0.0,0.0,0.0
1.382,0.0,0.0,0.0
1.401,0.0,0.0,0.0
1.421,0.0,0.0,0.0
1.441,0.0,0.0,0.0
1.461,0.0,0.0,0.0
1.482,0.0,0.0,0.0
1.501,0.0,0.0,0.0
1.521,0.0,0.0,0.0
1.541,0.0,0.0,0.0
1.561,0.0,0.0,0.0
1.582,0.0,0.0,0.0
1.601,0.0,0.0,0.0
1.621,0.0,0.0,0.0
1.641,0.0,0.0,0.0
1.661,0.0,0.0,0.0
1.682,0.0,0.0,0.0
1.701,0.0,0.0,0.0
1.721,0.0,0.0,0.0
1.741,0.0,0.0,0.0
1.761,0.0,0.0,0.0
1.782,0.0,0.0,0.0
1.801,0.0,0.0,0.0
1.822,0.0,0.0,0.0
1.843,0.0,0.0,0.0
1.862,0.0,0.0,0.0
1.882,0.0,0.0,0.0
1.901,0.0,0.0,0.0
1.922,0.0,0.0,0.0
1.944,0.0,0.0,0.0
1.962,0.0,0.0,0.0
1.982,0.0,0.0,0.0
2.002,0.0,0.0,0.0
2.022,0.0,0.0,0.0
2.045,0.0,0.0,0.0
2.062,0.0,0.0,0.0
2.082,0.0,0.0,0.0
2.101,0.0,0.0,0.0
2.121,0.0,0.0,0.0
2.142,0.0,0.0,0.0
2.162,0.0,0.0,0.0
2.182,0.0,0.0,0.0
2.201,0.0,0.0,0.0
2.222,0.0,0.0,0.0
2.242,0.0,0.0,0.0
2.262,0.0,0.0,0.0
2.282,0.0,0.0,0.0
2.302,0.0,0.0,0.0
2.321,0.0,0.0,0.0
2.341,0.0,0.0,0.0
2.361,0.0,0.0,0.0
2.382,0.0,0.0,0.0
2.401,0.0,0.0,0.0
2.422,0.0,0.0,0.0
2.441,0.0,0.0,0.0
2.461,0.0,0.0,0.0
2.482,0.0,0.0,0.0
2.501,0.0,0.0,0.0
2.521,0.0,0.0,0.0
2.541,0.0,0.0,0.0
2.561,0.0,0.0,0.0
2.582,0.0,0.0,0.0
2.602,0.0,0.0,0.0
2.621,0.0,0.0,0.0
2.641,0.0,0.0,0.0
2.662,0.0,0.0,0.0
2.682,0.0,0.0,0.0
2.702,0.0,0.0,0.0
2.721,0.0,0.0,0.0
2.741,0.0,0.0,0.0
2.762,0.0,0.0,0.0
2.782,0.0,0.0,0.0
2.801,0.0,0.0,0.0
2.822,0.0,0.0,0.0
2.841,0.0,0.0,0.0
2.864,0.0,0.0,0.0
2.885,0.0,0.0,0.0
2.902,0.0,0.0,0.0
2.922,0.0,0.0,0.0
2.94,0.0,0.0,0.0
2.96,0.0,0.0,0.0
2.981,0.0,0.0,0.0
3.0,0.0,0.0,0.0
3.02,0.0,0.0,0.0
3.042,0.0,0.0,0.0
3.06,0.0,0.0,0.0
3.081,0.0,0.0,0.0
3.1,0.0,0.0,0.0
3.121,0.0,0.0,0.0
3.14,0.0,0.0,0.0
3.16,0.0,0.0,0.0
3.181,0.0,0.0,0.0
3.2,0.0,0.0,0.0
3.223,0.0,0.0,0.0
3.241,0.0,0.0,0.0
3.261,0.0,0.0,0.0
3.281,0.0,0.0,0.0
3.302,0.0,0.0,0.0
3.322,0.0,0.0,0.0
3.34,0.0,0.0,0.0
3.364,0.0,0.0,0.0
3.386,0.0,0.0,0.0
3.404,0.0,0.0,0.0
3.423,0.0,0.0,0.0
3.441,0.0,0.0,0.0
3.479,0.0,0.0,0.0
3.49,0.0,0.0,0.0
3.507,0.0,0.0,0.0
3.525,0.0,0.0,0.0
3.555,0.0,0.0,0.0
3.562,0.0,0.0,0.0
3.582,0.0,0.0,0.0
3.601,0.0,0.0,0.0
3.622,0.0,0.0,0.0
3.64,0.0,0.0,0.0
3.662,0.0,0.0,0.0
3.682,0.0,0.0,0.0
3.701,0.0,0.0,0.0
3.721,0.0,0.0,0.0
3.741,0.0,0.0,0.0
3.76,0.0,0.0,0.0
3.781,0.0,0.0,0.0
3.801,0.0,0.0,0.0
3.821,0.0,0.0,0.0
3.841,0.0,0.0,0.0
3.86,0.0,0.0,0.0
3.881,0.0,0.0,0.0
3.901,0.0,0.0,0.0
3.921,0.0,0.0,0.0
3.941,0.0,0.0,0.0
3.96,0.0,0.0,0.0
3.981,0.0,0.0,0.0
4.001,0.0,0.0,0.0
4.021,0.0,0.0,0.0
4.042,0.0,0.0,0.0
4.061,0.0,0.0,0.0
4.081,0.0,0.0,0.0
4.101,0.0,0.0,0.0
4.121,0.0,0.0,0.0
4.14,0.0,0.0,0.0
4.161,0.0,0.0,0.0
4.181,0.0,0.0,0.0
4.201,0.0,0.0,0.0
4.221,0.0,0.0,0.0
4.241,0.0,0.0,0.0
4.261,0.0,0.0,0.0
4.281,0.0,0.0,0.0
4.301,0.0,0.0,0.0
4.321,0.0,0.0,0.0
4.341,0.0,0.0,0.0
4.361,0.0,0.0,0.0
4.381,0.0,0.0,0.0
4.402,0.0,0.0,0.0
4.421,0.0,0.0,0.0
4.441,0.0,0.0,0.0
4.461,0.0,0.0,0.0
4.481,0.0,0.0,0.0
4.501,0.0,0.0,0.0
4.521,0.0,0.0,0.0
4.541,0.0,0.0,0.0
4.561,0.0,0.0,0.0
4.581,0.0,0.0,0.0
4.601,0.0,0.0,0.0
4.627,0.0,0.0,0.0
4.641,0.0,0.0,0.0
4.661,0.0,0.0,0.0
4.681,0.0,0.0,0.0
4.701,0.0,0.0,0.0
4.721,0.0,0.0,0.0
4.747,0.0,0.0,0.0
4.761,0.0,0.0,0.0
4.781,0.0,0.0,0.0
4.801,0.0,0.0,0.0
4.821,0.0,0.0,0.0
4.841,0.0,0.0,0.0
4.861,0.0,0.0,0.0
4.881,0.0,0.0,0.0
4.901,0.0,0.0,0.0
4.921,0.0,0.0,0.0
4.941,0.0,0.0,0.0
4.961,0.0,0.0,0.0
4.981,0.0,0.0,0.0
5.001,0.0,0.0,0.0
5.021,0.0,0.0,0.0
5.041,0.0,0.0,0.0
5.061,0.0,0.0,0.0
5.081,0.0,0.0,0.0
5.101,0.0,0.0,0.0
5.121,0.0,0.0,0.0
5.141,0.0,0.0,0.0
5.161,0.0,0.0,0.0
5.181,0.0,0.0,0.0
5.201,0.0,0.0,0.0
5.222,0.0,0.0,0.0
5.241,0.0,0.0,0.0
5.261,0.0,0.0,0.0
5.281,0.0,0.0,0.0
5.301,0.0,0.0,0.0
5.322,0.0,0.0,0.0
5.341,0.0,0.0,0.0
5.361,0.0,0.0,0.0
5.381,0.0,0.0,0.0
5.401,0.0,0.0,0.0
5.423,0.0,0.0,0.0
5.441,0.0,0.0,0.0
5.461,0.0,0.0,0.0
5.481,0.0,0.0,0.0
5.501,0.0,0.0,0.0
5.521,0.0,0.0,0.0
5.541,0.0,0.0,0.0
5.561,0.0,0.0,0.0
5.581,0.0,0.0,0.0
5.601,0.0,0.0,0.0
5.621,0.0,0.0,0.0
5.641,0.0,0.0,0.0
5.661,0.0,0.0,0.0
5.681,0.0,0.0,0.0
5.701,0.0,0.0,0.0
5.721,0.0,0.0,0.0
5.741,0.0,0.0,0.0
5.761,0.0,0.0,0.0
5.781,0.0,0.0,0.0
5.802,0.0,0.0,0.0
5.821,0.0,0.0,0.0
5.841,0.0,0.0,0.0
5.861,0.0,0.0,0.0
5.881,0.0,0.0,0.0
5.901,0.0,0.0,0.0
5.921,0.0,0.0,0.0
5.941,0.0,0.0,0.0
5.961,0.0,0.0,0.0
5.981,0.0,0.0,0.0
6.001,0.0,0.0,0.0
6.021,0.0,0.0,0.0
6.041,0.0,0.0,0.0
6.061,0.0,0.0,0.0
6.081,0.0,0.0,0.0
6.101,0.0,0.0,0.0
6.121,0.0,0.0,0.0
6.142,0.0,0.0,0.0
6.161,0.0,0.0,0.0
6.181,0.0,0.0,0.0
6.201,0.0,0.0,0.0
6.221,0.0,0.0,0.0
6.241,0.0,0.0,0.0
6.261,0.0,0.0,0.0
6.281,0.0,0.0,0.0
6.301,0.0,0.0,0.0
6.321,0.0,0.0,0.0
6.341,0.0,0.0,0.0
6.361,0.0,0.0,0.0
6.381,0.0,0.0,0.0
6.401,0.0,0.0,0.0
6.421,0.0,0.0,0.0
6.442,0.0,0.0,0.0
6.461,0.04,0.0,0.0
6.481,0.04,0.0,0.0
6.501,0.04,0.0,-4.0906154343617096E-4
6.521,0.04,0.0,-4.0906154343617096E-4
6.541,0.04,0.0,-4.0906154343617096E-4
6.561,0.04,0.0,-4.0906154343617096E-4
6.581,0.04,0.0,-4.0906154343617096E-4
6.602,0.04,0.0,-4.0906154343617096E-4
6.621,0.04,0.0,-4.0906154343617096E-4
6.641,0.04,0.0,-4.0906154343617096E-4
6.661,0.04,0.0,-4.0906154343617096E-4
6.681,0.04,0.0,-4.0906154343617096E-4
6.701,0.04,0.0,-4.0906154343617096E-4
6.721,0.04,0.0,-4.0906154343617096E-4
6.741,0.04,0.0,-4.0906154343617096E-4
6.761,0.04,0.0,-4.0906154343617096E-4
6.781,0.04,0.0,-4.0906154343617096E-4
6.801,0.04,0.0,-4.0906154343617096E-4
6.821,0.04,0.0,-4.0906154343617096E-4
6.841,0.04,0.0,-4.0906154343617096E-4
6.862,0.04,0.0,-4.0906154343617096E-4
6.882,0.04,0.0,-4.0906154343617096E-4
6.901,0.08,0.0,-4.0906154343617096E-4
6.921,0.08,0.0,-4.0906154343617096E-4
6.941,0.08,4.0906154343617096E-4,-4.0906154343617096E-4
6.962,0.08,8.181230868723419E-4,-4.0906154343617096E-4
6.981,0.08,8.181230868723419E-4,-4.0906154343617096E-4
7.001,0.08,0.001227184630308513,-4.0906154343617096E-4
7.021,0.08,0.0016362461737446838,-4.0906154343617096E-4
7.041,0.08,0.0020453077171808547,-4.0906154343617096E-4
7.063,0.08,0.0020453077171808547,-4.0906154343617096E-4
7.081,0.08,0.0020453077171808547,-4.0906154343617096E-4
7.101,0.08,0.002454369260617026,-4.0906154343617096E-4
7.121,0.08,0.002454369260617026,-4.0906154343617096E-4
7.141,0.08,0.002454369260617026,-4.0906154343617096E-4
7.165,0.08,0.0028634308040531966,-4.0906154343617096E-4
7.181,0.08,0.0032724923474893677,-4.0906154343617096E-4
7.202,0.08,0.0032724923474893677,-4.0906154343617096E-4
7.221,0.12,0.0032724923474893677,-4.0906154343617096E-4
7.241,0.12,0.0032724923474893677,-4.0906154343617096E-4
7.261,0.12,0.004908738521234052,-4.0906154343617096E-4
7.281,0.12,0.006954046238414906,-4.0906154343617096E-4
7.301,0.12,0.00859029241215959,-4.0906154343617096E-4
7.321,0.12,0.011044661672776616,-4.0906154343617096E-4
7.341,0.12,0.013908092476829812,-4.0906154343617096E-4
7.361,0.12,0.016771523280883008,-4.0906154343617096E-4
7.381,0.12,0.019634954084936207,-4.0906154343617096E-4
7.401,0.12,0.022907446432425572,-4.0906154343617096E-4
7.421,0.12,0.026998061866787285,-4.0906154343617096E-4
7.441,0.12,0.030679615757712823,-4.0906154343617096E-4
7.461,0.12,0.03477023119207453,-4.0906154343617096E-4
7.481,0.12,0.03886084662643624,-4.0906154343617096E-4
7.501,0.12,0.04295146206079795,-4.0906154343617096E-4
7.521,0.12,0.04745113903859583,-4.0906154343617096E-4
7.541,0.12,0.05195081601639371,-4.0906154343617096E-4
7.561,0.12,0.05604143145075542,-4.0906154343617096E-4
7.581,0.12,0.060950169971989474,-4.0906154343617096E-4
7.602,0.12,0.06585890849322353,-4.0906154343617096E-4
7.621,0.12,0.07076764701445758,-4.0906154343617096E-4
7.641,0.12,0.0760854470791278,-4.0906154343617096E-4
7.661,0.12,0.08099418560036185,-4.0906154343617096E-4
7.683,0.12,0.08672104720846824,-4.0906154343617096E-4
7.701,0.12,0.09203884727313846,-4.0906154343617096E-4
7.721,0.12,0.09735664733780869,-4.0906154343617096E-4
7.741,0.12,0.10226538585904274,-4.0906154343617096E-4
7.761,0.12,0.10758318592371297,-4.0906154343617096E-4
7.782,0.12,0.11331004753181935,-4.0906154343617096E-4
7.801,0.12,0.1182187860530534,-4.0906154343617096E-4
7.821,0.12,0.12353658611772363,-4.0906154343617096E-4
7.841,0.12,0.12885438618239387,-4.0906154343617096E-4
7.861,0.12,0.13417218624706406,-4.0906154343617096E-4
7.881,0.12,0.1394899863117343,-4.0906154343617096E-4
7.901,0.12,0.1448077863764045,-4.0906154343617096E-4
7.921,0.12,0.15012558644107474,-4.0906154343617096E-4
7.941,0.12,0.15585244804918114,-4.0906154343617096E-4
7.961,0.12,0.16117024811385136,-4.0906154343617096E-4
7.985,0.12,0.1677152328088301,-4.0906154343617096E-4
8.001,0.12,0.17221490978662798,-4.0906154343617096E-4
8.021,0.12,0.17794177139473435,-4.0906154343617096E-4
8.041,0.12,0.18325957145940458,-4.0906154343617096E-4
8.061,0.12,0.1885773715240748,-4.0906154343617096E-4
8.081,0.12,0.1943042331321812,-4.0906154343617096E-4
8.101,0.12,0.2000310947402876,-4.0906154343617096E-4
8.121,0.12,0.205757956348394,-4.0906154343617096E-4
8.141,0.12,0.2114848179565004,-4.0906154343617096E-4
8.161,0.12,0.21721167956460677,-4.0906154343617096E-4
8.181,0.12,0.222529479629277,-4.0906154343617096E-4
8.201,0.12,0.22784727969394722,-4.0906154343617096E-4
8.221,0.12,0.23357414130205362,-4.0906154343617096E-4
8.241,0.12,0.23889194136672384,-4.0906154343617096E-4
8.261,0.12,0.24461880297483024,-4.0906154343617096E-4
8.281,0.12,0.24993660303950047,-4.0906154343617096E-4
8.302,0.12,0.25566346464760686,-4.0906154343617096E-4
8.322,0.12,0.2617993877991494,-4.0906154343617096E-4
8.345,0.12,0.2683443724941281,-4.0906154343617096E-4
8.361,0.12,0.27284404947192603,-4.0906154343617096E-4
8.381,0.12,0.2785709110800324,-4.0906154343617096E-4
8.401,0.12,0.28429777268813883,-4.0906154343617096E-4
8.421,0.12,0.2900246342962452,-4.0906154343617096E-4
8.441,0.12,0.2961605574477878,-4.0906154343617096E-4
8.472,0.12,0.30515991140338355,-4.0906154343617096E-4
8.484,0.12,0.3084324037508729,-4.0906154343617096E-4
8.503,0.12,0.31375020381554314,-4.0906154343617096E-4
8.526,0.12,0.32029518851052186,-4.0906154343617096E-4
8.541,0.12,0.32479486548831976,-4.0906154343617096E-4
8.561,0.12,0.33052172709642613,-4.0906154343617096E-4
8.582,0.12,0.3362485887045325,-4.0906154343617096E-4
8.602,0.12,0.3423845118560751,-4.0906154343617096E-4
8.621,0.12,0.3477023119207453,-4.0906154343617096E-4
8.641,0.12,0.3534291735288517,-4.0906154343617096E-4
8.661,0.12,0.3587469735935219,-4.0906154343617096E-4
8.681,0.12,0.36447383520162835,-4.0906154343617096E-4
8.702,0.12,0.3702006968097347,-4.0906154343617096E-4
8.721,0.12,0.3755184968744049,-4.0906154343617096E-4
8.741,0.12,0.38124535848251134,-4.0906154343617096E-4
8.761,0.12,0.3869722200906177,-4.0906154343617096E-4
8.781,0.12,0.39269908169872414,-4.0906154343617096E-4
8.804,0.12,0.3988350048502667,-4.0906154343617096E-4
8.821,0.12,0.40374374337150076,-4.0906154343617096E-4
8.841,0.12,0.4098796665230433,-4.0906154343617096E-4
8.861,0.12,0.41601558967458585,-4.0906154343617096E-4
8.881,0.12,0.42215151282612845,-4.0906154343617096E-4
8.901,0.12,0.428287435977671,-4.0906154343617096E-4
8.921,0.12,0.4348324206726497,-4.0906154343617096E-4
8.941,0.12,0.4409683438241923,-4.0906154343617096E-4
8.961,0.12,0.44710426697573485,0.0
8.981,0.12,0.45364925167071357,0.0
9.001,0.12,0.46019423636569234,0.0
9.021,0.12,0.46673922106067106,0.0
9.041,0.12,0.4732842057556498,0.0
9.061,0.12,0.4794201289071924,0.0
9.081,0.12,0.4859651136021711,0.0
9.101,0.12,0.4925100982971498,0.0
9.121,0.12,0.4990550829921286,0.0
9.141,0.12,0.5056000676871073,0.0
9.162,0.12,0.5121450523820861,0.0
9.181,0.12,0.5182809755336286,0.0
9.201,0.12,0.5244168986851712,0.0
9.221,0.12,0.5305528218367137,0.0
9.241,0.12,0.5366887449882562,0.0
9.261,0.12,0.543233729683235,0.0
9.281,0.12,0.5493696528347776,0.0
9.301,0.12,0.5555055759863201,0.0
9.321,0.12,0.5616414991378628,0.0
9.341,0.12,0.5677774222894053,0.0
9.361,0.12,0.5739133454409479,0.0
9.381,0.12,0.5804583301359266,0.0
9.401,0.12,0.5865942532874692,0.0
9.421,0.12,0.5931392379824479,0.0
9.442,0.12,0.6000932842208628,0.0
9.461,0.12,0.6062292073724054,0.0
9.481,0.12,0.6131832536108203,0.0
9.501,0.12,0.6193191767623628,0.0
9.521,0.12,0.6258641614573416,0.0
9.541,0.12,0.6324091461523204,0.0
9.562,0.12,0.638954130847299,0.0
9.582,0.12,0.6450900539988416,0.0
9.601,0.12,0.6512259771503842,0.0
9.622,0.12,0.6581800233887991,0.0
9.641,0.12,0.6647250080837778,0.0
9.661,0.12,0.6712699927787565,0.0
9.681,0.12,0.6778149774737353,0.0
9.701,0.12,0.684359962168714,0.0
9.723,0.12,0.6917230699505651,0.0
9.741,0.12,0.6974499315586715,0.0
9.762,0.12,0.7044039777970864,0.0
9.781,0.12,0.7109489624920652,0.0
9.801,0.12,0.7174939471870438,0.0
9.822,0.12,0.7240389318820226,0.0
9.841,0.12,0.7301748550335652,0.0
9.861,0.12,0.7367198397285439,0.0
9.881,0.12,0.7436738859669588,0.0
9.901,0.12,0.7502188706619375,0.0
9.921,0.12,0.7563547938134801,0.0
9.941,0.12,0.7628997785084588,0.0
9.961,0.12,0.7694447632034376,0.0
9.982,0.12,0.7759897478984163,0.0
10.001,0.12,0.7821256710499589,0.0
10.021,0.12,0.7886706557449377,0.0
10.041,0.12,0.7948065788964802,0.0
10.061,0.12,0.8013515635914589,0.0
10.084,0.12,0.80871467137331,0.0
10.102,0.12,0.8136234098945441,0.0
10.121,0.12,0.8197593330460866,0.0
10.141,0.12,0.8263043177410654,0.0
10.161,0.12,0.8324402408926079,0.0
10.181,0.12,0.8389852255875866,0.0
10.201,0.12,0.8451211487391292,0.0
10.221,0.12,0.8512570718906718,0.0
10.241,0.12,0.8573929950422143,0.0
10.261,0.12,0.8635289181937569,0.0
10.281,0.12,0.8692557798018633,0.0
10.301,0.12,0.8749826414099697,0.0
10.322,0.12,0.880709503018076,0.0
10.342,0.12,0.8864363646261825,0.0
10.361,0.12,0.8917541646908527,0.0
10.381,0.12,0.8970719647555229,0.0
10.402,0.12,0.9027988263636293,0.0
10.421,0.12,0.9077075648848634,0.0
10.442,0.12,0.9138434880364059,0.0
10.463,0.12,0.9195703496445123,0.0
10.482,0.12,0.9244790881657464,0.0
10.501,0.12,0.9297968882304166,0.0
10.522,0.12,0.9355237498385229,0.0
10.545,0.12,0.9416596729900656,0.0
10.562,0.12,0.9461593499678634,0.0
10.582,0.12,0.9518862115759699,0.0
10.601,0.12,0.9572040116406401,0.0
10.622,0.12,0.9629308732487465,0.0
10.641,0.12,0.9682486733134167,0.0
10.661,0.12,0.9735664733780869,0.0
10.681,0.12,0.9792933349861933,0.0
10.701,0.12,0.9846111350508635,0.0
10.721,0.12,0.9903379966589699,0.0
10.741,0.12,0.9960648582670762,0.0
10.761,0.12,1.0017917198751827,0.0
10.782,0.12,1.007109519939853,0.0
10.801,0.12,1.0128363815479593,0.0
10.821,0.12,1.0185632431560656,0.0
10.841,0.12,1.023881043220736,0.0
10.861,0.12,1.0291988432854062,0.0
10.882,0.12,1.0353347664369488,0.0
10.903,0.12,1.041061628045055,0.0
10.921,0.12,1.0463794281097254,0.0
10.941,0.12,1.0521062897178317,0.0
10.961,0.12,1.057833151325938,0.0
10.982,0.12,1.0639690744774806,0.0
11.001,0.12,1.0692868745421509,0.0
11.021,0.12,1.0750137361502572,0.0
11.041,0.12,1.0811496593018,0.0
11.061,0.12,1.0872855824533425,0.0
11.082,0.12,1.093421505604885,0.0
11.101,0.12,1.0995574287564276,0.0
11.121,0.12,1.1056933519079701,0.0
11.141,0.12,1.1114202135160764,0.0
11.162,0.12,1.1183742597544915,0.0
11.181,0.12,1.1241011213625978,0.0
11.201,0.12,1.1302370445141403,0.0
11.222,0.12,1.136782029209119,0.0
11.241,0.12,1.1425088908172254,0.0
11.261,0.12,1.1486448139687682,0.0
11.281,0.12,1.1543716755768745,0.0
11.301,0.12,1.160507598728417,0.0
11.321,0.12,1.1666435218799596,0.0
11.341,0.12,1.1723703834880659,0.0
11.361,0.12,1.1785063066396086,0.0
11.382,0.12,1.1846422297911512,0.0
11.401,0.12,1.1903690913992575,0.0
11.421,0.12,1.1960959530073638,0.0
11.441,0.12,1.2022318761589064,0.0
11.461,0.12,1.207958737767013,0.0
11.481,0.12,1.2136855993751192,0.0
11.501,0.12,1.2198215225266618,0.0
11.521,0.12,1.2255483841347683,0.0
11.541,0.12,1.2312752457428746,0.0
11.561,0.12,1.236593045807545,0.0
11.581,0.12,1.2423199074156512,0.0
11.601,0.12,1.2480467690237576,0.0
11.621,0.12,1.2533645690884279,0.0
11.641,0.12,1.2590914306965342,0.0
11.661,0.12,1.2648182923046407,0.0
11.681,0.12,1.270545153912747,0.0
11.701,0.12,1.2758629539774173,0.0
11.722,0.12,1.2815898155855237,0.0
11.741,0.12,1.28731667719363,0.0
11.761,0.12,1.2930435388017365,0.0
11.781,0.12,1.2987704004098428,0.0
11.801,0.12,1.3044972620179491,0.0
11.821,0.12,1.3106331851694917,0.0
11.841,0.12,1.3163600467775982,0.0
11.861,0.12,1.3220869083857045,0.0
11.881,0.12,1.328222831537247,0.0
11.902,0.12,1.3343587546887896,0.0
11.921,0.12,1.3400856162968962,0.0
11.941,0.12,1.3458124779050025,0.0
11.961,0.12,1.3515393395131088,0.0
11.981,0.12,1.3576752626646513,0.0
12.002,0.12,1.3634021242727579,0.0
12.021,0.12,1.3691289858808642,0.0
12.042,0.12,1.3748558474889705,0.0
12.061,0.12,1.380582709097077,0.0
12.085,0.12,1.3875367553354918,0.0
12.101,0.12,1.392445493856726,0.0
12.121,0.12,1.3977632939213962,0.0
12.141,0.12,1.4030810939860663,0.0
12.161,0.12,1.4088079555941728,0.0
12.183,0.12,1.4153529402891516,0.0
12.206,0.12,1.4214888634406941,0.0
12.222,0.12,1.425988540418492,0.0
12.241,0.12,1.4317154020265983,0.0
12.261,0.12,1.4374422636347048,0.0
12.283,0.12,1.4435781867862474,0.0
12.301,0.12,1.4488959868509175,0.0
12.321,0.12,1.45503191000246,0.0
12.341,0.12,1.4607587716105666,0.0
12.361,0.12,1.466894694762109,0.0
12.381,0.12,1.4726215563702154,0.0
12.401,0.12,1.478757479521758,0.0
12.421,0.12,1.4844843411298645,0.0
12.457,0.12,1.4947108797157687,0.0
12.466,0.12,1.497983372063258,0.0
12.481,0.12,1.5028921105844921,0.0
12.502,0.12,1.5090280337360347,0.0
12.521,0.12,1.5151639568875772,0.0
12.541,0.12,1.521708941582556,0.0
12.565,0.12,1.5294811109078432,0.0
12.581,0.12,1.5347989109725135,0.0
12.602,0.12,1.5417529572109283,0.0
12.621,0.12,1.5478888803624709,0.0
12.641,0.12,1.5544338650574496,0.0
12.661,0.12,1.5609788497524284,0.0
12.681,0.12,1.5675238344474072,0.0
12.701,0.12,1.5736597575989497,0.0
12.721,0.12,1.5802047422939285,0.0
12.741,0.12,1.5867497269889073,0.0
12.761,0.12,1.5932947116838858,0.0
12.781,0.12,1.5998396963788646,0.0
12.802,0.12,1.6059756195304071,0.0
12.821,0.12,1.6121115426819497,0.0
12.841,0.12,1.6182474658334922,0.0
12.861,0.12,1.624383388985035,0.0
12.881,0.12,1.6305193121365775,0.0
12.904,0.12,1.6374733583749923,0.0
12.922,0.12,1.6432002199830988,0.0
12.941,0.12,1.6489270815912052,0.0
12.961,0.12,1.6550630047427477,0.0
12.982,0.12,1.6611989278942902,0.0
13.003,0.12,1.667743912589269,0.0
13.021,0.12,1.6734707741973753,0.0
13.041,0.12,1.6796066973489179,0.0
13.061,0.12,1.6857426205004604,0.0
13.081,0.12,1.6918785436520032,0.0
13.103,0.12,1.6984235283469817,0.0
13.121,0.12,1.7041503899550883,0.0
13.141,0.12,1.7102863131066308,0.0
13.161,0.12,1.7164222362581734,0.0
13.181,0.12,1.722558159409716,0.0
13.201,0.12,1.7286940825612584,0.0
13.222,0.12,1.7352390672562372,0.0
13.241,0.12,1.7409659288643435,0.0
13.261,0.12,1.7475109135593223,0.0
13.281,0.12,1.754055898254301,0.0
13.301,0.12,1.7601918214058436,0.0
13.321,0.12,1.7663277445573862,0.0
13.341,0.12,1.7720546061654927,0.0
13.361,0.12,1.7781905293170353,0.0
13.381,0.12,1.7843264524685778,0.0
13.401,0.12,1.7904623756201203,0.0
13.421,0.12,1.7965982987716629,0.0
13.441,0.12,1.8023251603797692,0.0
13.463,0.12,1.8092792066181842,0.0
13.481,0.12,1.8150060682262905,0.0
13.501,0.12,1.820732929834397,0.0
13.521,0.12,1.8264597914425034,0.0
13.541,0.12,1.8330047761374821,0.0
13.561,0.12,1.8391406992890247,0.0
13.581,0.12,1.8456856839840035,0.0
13.601,0.12,1.851821607135546,0.0
13.621,0.12,1.8579575302870885,0.0
13.641,0.12,1.8645025149820673,0.0
13.661,0.12,1.8706384381336099,0.0
13.681,0.12,1.8771834228285886,0.0
13.701,0.12,1.882910284436695,0.0
13.722,0.12,1.8894552691316737,0.0
13.741,0.12,1.8955911922832163,0.0
13.761,0.12,1.9017271154347588,0.0
13.781,0.12,1.9078630385863014,0.0
13.801,0.12,1.9144080232812801,0.0
13.823,0.12,1.9217711310631311,0.0
13.841,0.12,1.9270889311278014,0.0
13.861,0.12,1.933224854279344,0.0
13.881,0.12,1.9397698389743228,0.0
13.902,0.12,1.9459057621258653,0.0
13.922,0.12,1.9520416852774078,0.0
13.941,0.12,1.9577685468855142,0.0
13.962,0.12,1.9634954084936207,0.0
13.982,0.12,1.9696313316451632,0.0
14.001,0.12,1.9753581932532696,0.0
14.021,0.12,1.9806759933179399,0.0
14.042,0.12,1.9864028549260462,0.0
14.061,0.12,1.9917206549907165,0.0
14.081,0.12,1.9974475165988228,0.0
14.102,0.12,2.0031743782069293,0.0
14.122,0.12,2.0093103013584717,0.0
14.141,0.12,2.014219039879706,0.0
14.161,0.12,2.0199459014878123,0.0
14.182,0.12,2.0252637015524826,0.0
14.202,0.12,2.030990563160589,0.0
14.222,0.12,2.0358993016818228,0.0
14.241,0.12,2.041626163289929,0.0
14.262,0.12,2.0469439633545994,0.0
14.282,0.12,2.0522617634192697,0.0
14.301,0.12,2.05757956348394,0.0
14.325,0.12,2.0641245481789188,0.0
14.341,0.12,2.0686242251567166,0.0
14.361,0.12,2.073942025221387,0.0
14.381,0.12,2.0800779483729293,0.0
14.401,0.12,2.0858048099810356,0.0
14.421,0.12,2.0919407331325783,0.0
14.442,0.12,2.0980766562841207,0.0
14.461,0.12,2.1038035178922274,0.0
14.481,0.12,2.1095303795003337,0.0
14.501,0.12,2.11525724110844,0.0
14.521,0.12,2.1209841027165464,0.0
14.541,0.12,2.1267109643246527,0.0
14.561,0.12,2.1324378259327594,0.0
14.581,0.12,2.1381646875408657,0.0
14.601,0.12,2.143891549148972,0.0
14.621,0.12,2.1496184107570784,0.0
14.642,0.12,2.1553452723651847,0.0
14.661,0.12,2.161072133973291,0.0
14.681,0.12,2.1667989955813978,0.0
14.701,0.12,2.172525857189504,0.0
14.722,0.12,2.1786617803410464,0.0
14.742,0.12,2.1843886419491527,0.0
14.761,0.12,2.189706442013823,0.0
14.781,0.12,2.1954333036219293,0.0
14.801,0.12,2.201160165230036,0.0
14.821,0.12,2.206477965294706,0.0
14.843,0.12,2.2126138884462487,0.0
14.862,0.12,2.2175226269674826,0.0
14.882,0.12,2.2236585501190254,0.0
14.901,0.12,2.2289763501836957,0.0
14.921,0.12,2.234294150248366,0.0
14.941,0.12,2.2400210118564723,0.0
14.962,0.12,2.2457478734645786,0.0
14.988,0.12,2.253520042789866,0.0
15.003,0.12,2.2576106582242277,0.0
15.022,0.12,2.2629284582888975,0.0
15.041,0.12,2.2686553198970043,0.0
15.065,0.12,2.275200304591983,0.0
15.082,0.12,2.279699981569781,0.0
15.106,0.12,2.2866540278081957,0.0
15.122,0.12,2.2911537047859936,0.0
15.141,0.12,2.2968805663941,0.0
15.161,0.12,2.302607428002206,0.0
15.181,0.12,2.308743351153749,0.0
15.201,0.12,2.3144702127618553,0.0
15.222,0.12,2.3201970743699616,0.0
15.241,0.12,2.325514874434632,0.0
15.261,0.12,2.3316507975861747,0.0
15.281,0.12,2.337377659194281,0.0
15.302,0.12,2.3431045208023873,0.0
15.321,0.12,2.3488313824104936,0.0
15.341,0.12,2.3545582440186,0.0
15.361,0.12,2.3602851056267062,0.0
15.381,0.12,2.366011967234813,0.0
15.401,0.12,2.3717388288429193,0.0
15.422,0.12,2.3778747519944616,0.0
15.442,0.12,2.3836016136025684,0.0
15.462,0.11,2.3893284752106747,0.0
15.481,0.11,2.394646275275345,0.0
15.501,0.11,2.399964075340015,0.0
15.521,0.11,2.405281875404685,0.0
15.541,0.11,2.4105996754693555,0.0
15.563,0.11,2.416326537077462,0.0
15.581,0.11,2.421235275598696,0.0
15.602,0.11,2.426553075663366,0.0
15.622,0.11,2.4318708757280363,0.0
15.641,0.1,2.4367796142492706,0.0
15.664,0.1,2.442506475857377,0.0
15.682,0.1,2.4465970912917383,0.0
15.701,0.1,2.4510967682695366,0.0
15.722,0.1,2.4560055067907705,0.0
15.741,0.1,2.4605051837685683,0.0
15.761,0.1,2.46459579920293,0.0
15.781,0.1,2.4686864146372915,0.0
15.801,0.1,2.47318609161509,0.0
15.821,0.1,2.4772767070494512,0.0
15.841,0.1,2.481367322483813,0.0
15.862,0.1,2.4850488763747385,0.0
15.882,0.1,2.4891394918091003,0.0
15.902,0.09000000000000001,2.4928210457000257,0.0
15.922,0.09000000000000001,2.4965025995909516,0.0
15.942,0.09000000000000001,2.500184153481877,0.0
15.961,0.09000000000000001,2.5038657073728023,0.0
15.982,0.09000000000000001,2.507547261263728,0.0
16.001,0.09000000000000001,2.510410692067781,0.0
16.023,0.09000000000000001,2.5140922459587065,0.0
16.041,0.09000000000000001,2.516546615219324,0.0
16.061,0.09000000000000001,2.5198191075668133,0.0
16.081,0.09000000000000001,2.52227347682743,0.0
16.101,0.09000000000000001,2.525136907631483,0.0
16.122,0.09000000000000001,2.5275912768921005,0.0
16.142,0.09000000000000001,2.5304547076961534,0.0
16.161,0.09000000000000001,2.533318138500207,0.0
16.181,0.09000000000000001,2.5357725077608237,0.0
16.202,0.09000000000000001,2.539045000108313,0.0
16.222,0.09000000000000001,2.5419084309123665,0.0
16.241,0.09000000000000001,2.5447718617164194,0.0
16.262,0.09000000000000001,2.547635292520473,0.0
16.282,0.09000000000000001,2.5504987233245258,0.0
16.302,0.09000000000000001,2.552953092585143,0.0
16.322,0.09000000000000001,2.555816523389196,0.0
16.342,0.09000000000000001,2.558270892649813,0.0
16.362,0.09000000000000001,2.5607252619104304,0.0
16.385,0.09000000000000001,2.5639977542579198,0.0
16.402,0.09000000000000001,2.5660430619751002,0.0
16.422,0.09000000000000001,2.567679308148845,0.0
16.442,0.09000000000000001,2.5705427389528985,0.0
16.462,0.09000000000000001,2.572588046670079,0.0
16.484,0.08000000000000002,2.5750424159306964,0.0
16.502,0.08000000000000002,2.576678662104441,0.0
16.522,0.08000000000000002,2.579133031365058,0.0
16.541,0.08000000000000002,2.5811783390822387,0.0
16.561,0.08000000000000002,2.5828145852559836,0.0
16.582,0.08000000000000002,2.584041769886292,0.0
16.602,0.08000000000000002,2.5856780160600366,0.0
16.621,0.08000000000000002,2.5877233237772175,0.0
16.641,0.08000000000000002,2.588950508407526,0.0
16.661,0.08000000000000002,2.5901776930378344,0.0
16.682,0.08000000000000002,2.591404877668143,0.0
16.702,0.08000000000000002,2.5918139392115793,0.0
16.723,0.08000000000000002,2.5926320622984513,0.0
16.742,0.07000000000000002,2.5942683084721962,0.0
16.761,0.07000000000000002,2.5954954931025047,0.0
16.782,0.07000000000000002,2.596313616189377,0.0
16.801,0.07000000000000002,2.5971317392762496,0.0
16.822,0.07000000000000002,2.5979498623631216,0.0
16.842,0.07000000000000002,2.598767985449994,0.0
16.862,0.07000000000000002,2.59917704699343,0.0
16.882,0.07000000000000002,2.5995861085368666,0.0
16.902,0.07000000000000002,2.5995861085368666,0.0
16.922,0.07000000000000002,2.5999951700803026,0.0
16.942,0.07000000000000002,2.600404231623739,0.0
16.962,0.07000000000000002,2.6016314162540475,0.0
16.982,0.06000000000000002,2.602858600884356,0.0
17.001,0.06000000000000002,2.603676723971228,0.0
17.022,0.06000000000000002,2.6040857855146644,0.0
17.042,0.06000000000000002,2.6044948470581004,0.0
17.062,0.06000000000000002,2.6044948470581004,0.0
17.082,0.06000000000000002,2.604903908601537,0.0
17.102,0.06000000000000002,2.604903908601537,0.0
17.122,0.06000000000000002,2.604903908601537,0.0
17.141,0.06000000000000002,2.604903908601537,0.0
17.162,0.06000000000000002,2.604903908601537,0.0
17.182,0.06000000000000002,2.604903908601537,0.0
17.203,0.06000000000000002,2.604903908601537,0.0
17.222,0.06000000000000002,2.604903908601537,0.0
17.243,0.06000000000000002,2.604903908601537,0.0
17.262,0.05000000000000002,2.604903908601537,0.0
17.281,0.05000000000000002,2.604903908601537,0.0
17.303,0.05000000000000002,2.604903908601537,0.0
17.322,0.05000000000000002,2.604903908601537,0.0
17.341,0.05000000000000002,2.604903908601537,0.0
17.362,0.05000000000000002,2.604903908601537,0.0
17.382,0.05000000000000002,2.604903908601537,0.0
17.403,0.05000000000000002,2.604903908601537,0.0
17.422,0.05000000000000002,2.604903908601537,0.0
17.442,0.05000000000000002,2.604903908601537,0.0
17.462,0.05000000000000002,2.604903908601537,0.0
17.482,0.05000000000000002,2.604903908601537,0.0
17.502,0.05000000000000002,2.604903908601537,0.0
17.522,0.05000000000000002,2.604903908601537,0.0
17.542,0.05000000000000002,2.604903908601537,0.0
17.561,0.05000000000000002,2.604903908601537,0.0
17.581,0.05000000000000002,2.604903908601537,0.0
17.602,0.05000000000000002,2.604903908601537,0.0
17.622,0.05000000000000002,2.604903908601537,0.0
17.642,0.05000000000000002,2.604903908601537,0.0
17.662,0.040000000000000015,2.604903908601537,0.0
17.682,0.040000000000000015,2.604903908601537,0.0
17.702,0.040000000000000015,2.604903908601537,0.0
17.722,0.040000000000000015,2.604903908601537,0.0
17.742,0.040000000000000015,2.604903908601537,0.0
17.762,0.040000000000000015,2.604903908601537,0.0
17.782,0.040000000000000015,2.604903908601537,0.0
17.802,0.040000000000000015,2.604903908601537,0.0
17.822,0.040000000000000015,2.604903908601537,0.0
17.842,0.040000000000000015,2.604903908601537,0.0
17.862,0.040000000000000015,2.604903908601537,0.0
17.882,0.040000000000000015,2.604903908601537,0.0
17.902,0.040000000000000015,2.604903908601537,0.0
17.922,0.040000000000000015,2.604903908601537,0.0
17.942,0.040000000000000015,2.604903908601537,0.0
17.962,0.040000000000000015,2.604903908601537,0.0
17.982,0.040000000000000015,2.604903908601537,0.0
18.002,0.040000000000000015,2.604903908601537,0.0
18.024,0.040000000000000015,2.604903908601537,0.0
18.042,0.040000000000000015,2.604903908601537,0.0
18.062,0.040000000000000015,2.604903908601537,0.0
18.082,0.040000000000000015,2.604903908601537,0.0
18.102,0.040000000000000015,2.604903908601537,0.0
18.122,0.040000000000000015,2.604903908601537,0.0
18.141,0.040000000000000015,2.604903908601537,0.0
18.162,0.040000000000000015,2.604903908601537,0.0
18.182,0.040000000000000015,2.604903908601537,0.0
18.202,0.040000000000000015,2.604903908601537,0.0
18.224,0.040000000000000015,2.604903908601537,0.0
18.242,0.040000000000000015,2.604903908601537,0.0
18.262,0.040000000000000015,2.604903908601537,0.0
18.282,0.030000000000000013,2.604903908601537,0.0
18.302,0.030000000000000013,2.604903908601537,0.0
18.322,0.030000000000000013,2.604903908601537,-4.0906154343617096E-4
18.342,0.030000000000000013,2.604903908601537,-4.0906154343617096E-4
18.362,0.030000000000000013,2.604903908601537,-4.0906154343617096E-4
18.382,0.030000000000000013,2.604903908601537,-4.0906154343617096E-4
18.402,0.030000000000000013,2.604903908601537,-4.0906154343617096E-4
18.422,0.030000000000000013,2.604903908601537,-4.0906154343617096E-4
18.442,0.030000000000000013,2.604903908601537,-4.0906154343617096E-4
18.462,0.030000000000000013,2.604903908601537,-4.0906154343617096E-4
18.482,0.030000000000000013,2.604903908601537,-4.0906154343617096E-4
18.502,0.030000000000000013,2.604903908601537,-4.0906154343617096E-4
18.522,0.030000000000000013,2.604903908601537,-4.0906154343617096E-4
18.542,0.030000000000000013,2.604903908601537,-4.0906154343617096E-4
18.562,0.030000000000000013,2.604903908601537,-4.0906154343617096E-4
18.583,0.030000000000000013,2.604903908601537,-4.0906154343617096E-4
18.602,0.030000000000000013,2.604903908601537,-4.0906154343617096E-4
18.622,0.030000000000000013,2.604903908601537,-4.0906154343617096E-4
18.642,0.030000000000000013,2.604903908601537,-4.0906154343617096E-4
18.662,0.030000000000000013,2.604903908601537,-4.0906154343617096E-4
18.682,0.030000000000000013,2.604903908601537,-4.0906154343617096E-4
18.702,0.030000000000000013,2.604903908601537,-4.0906154343617096E-4
18.722,0.030000000000000013,2.604903908601537,-4.0906154343617096E-4
18.743,0.030000000000000013,2.604903908601537,-4.0906154343617096E-4
18.762,0.02000000000000001,2.604903908601537,-4.0906154343617096E-4
18.782,0.02000000000000001,2.604903908601537,-4.0906154343617096E-4
18.802,0.02000000000000001,2.604903908601537,-4.0906154343617096E-4
18.822,0.02000000000000001,2.604903908601537,-4.0906154343617096E-4
18.844,0.02000000000000001,2.604903908601537,-4.0906154343617096E-4
18.869,0.02000000000000001,2.604903908601537,-4.0906154343617096E-4
18.882,0.02000000000000001,2.604903908601537,-4.0906154343617096E-4
18.902,0.02000000000000001,2.604903908601537,-4.0906154343617096E-4
18.922,0.02000000000000001,2.604903908601537,-4.0906154343617096E-4
18.945,0.02000000000000001,2.604903908601537,-4.0906154343617096E-4
18.962,0.02000000000000001,2.604903908601537,-4.0906154343617096E-4
18.982,0.02000000000000001,2.604903908601537,-4.0906154343617096E-4
19.002,0.02000000000000001,2.604903908601537,-4.0906154343617096E-4
19.022,0.02000000000000001,2.604903908601537,-4.0906154343617096E-4
19.044,0.02000000000000001,2.604903908601537,-4.0906154343617096E-4
19.062,0.02000000000000001,2.604903908601537,-4.0906154343617096E-4
19.083,0.02000000000000001,2.604903908601537,-4.0906154343617096E-4
19.102,0.02000000000000001,2.604903908601537,-4.0906154343617096E-4
19.123,0.02000000000000001,2.604903908601537,-4.0906154343617096E-4
19.145,0.02000000000000001,2.604903908601537,-4.0906154343617096E-4
19.165,0.02000000000000001,2.604903908601537,-4.0906154343617096E-4
19.184,0.02000000000000001,2.604903908601537,-4.0906154343617096E-4
19.226,0.02000000000000001,2.604903908601537,-4.0906154343617096E-4
19.242,0.02000000000000001,2.604903908601537,-4.0906154343617096E-4
19.262,0.02000000000000001,2.604903908601537,-4.0906154343617096E-4
19.282,0.02000000000000001,2.604903908601537,-4.0906154343617096E-4
19.302,0.02000000000000001,2.604903908601537,-4.0906154343617096E-4
19.322,0.02000000000000001,2.604903908601537,-4.0906154343617096E-4
19.342,0.02000000000000001,2.604903908601537,-4.0906154343617096E-4
19.363,0.02000000000000001,2.604903908601537,-4.0906154343617096E-4
19.382,0.01000000000000001,2.604903908601537,-4.0906154343617096E-4
19.402,0.01000000000000001,2.604903908601537,-4.0906154343617096E-4
19.422,0.01000000000000001,2.604903908601537,-4.0906154343617096E-4
19.442,0.01000000000000001,2.604903908601537,-4.0906154343617096E-4
19.462,0.01000000000000001,2.604903908601537,-4.0906154343617096E-4
19.482,0.01000000000000001,2.604903908601537,-4.0906154343617096E-4
19.502,0.01000000000000001,2.604903908601537,-4.0906154343617096E-4
19.522,0.01000000000000001,2.604903908601537,-4.0906154343617096E-4
19.542,0.01000000000000001,2.604903908601537,-4.0906154343617096E-4
19.562,0.01000000000000001,2.604903908601537,-4.0906154343617096E-4
19.582,0.01000000000000001,2.604903908601537,-4.0906154343617096E-4
19.602,0.01000000000000001,2.604903908601537,-4.0906154343617096E-4
19.622,0.01000000000000001,2.604903908601537,-4.0906154343617096E-4
19.642,0.01000000000000001,2.604903908601537,-4.0906154343617096E-4
19.663,0.01000000000000001,2.604903908601537,-4.0906154343617096E-4
19.682,0.01000000000000001,2.604903908601537,-4.0906154343617096E-4
19.702,0.01000000000000001,2.604903908601537,-4.0906154343617096E-4
19.722,0.01000000000000001,2.604903908601537,-4.0906154343617096E-4
19.742,0.01000000000000001,2.604903908601537,-4.0906154343617096E-4
19.762,0.01000000000000001,2.604903908601537,-4.0906154343617096E-4
19.782,0.01000000000000001,2.604903908601537,-4.0906154343617096E-4
19.802,0.01000000000000001,2.604903908601537,-4.0906154343617096E-4
19.822,0.01000000000000001,2.604903908601537,-4.0906154343617096E-4
19.842,0.01000000000000001,2.604903908601537,-4.0906154343617096E-4
19.864,0.01000000000000001,2.604903908601537,-4.0906154343617096E-4
19.882,0.01000000000000001,2.604903908601537,-4.0906154343617096E-4
19.902,0.01000000000000001,2.604903908601537,-4.0906154343617096E-4
19.922,0.01000000000000001,2.604903908601537,-4.0906154343617096E-4
19.942,0.01000000000000001,2.604903908601537,-4.0906154343617096E-4
19.963,0.01000000000000001,2.604903908601537,-4.0906154343617096E-4
19.982,0.01000000000000001,2.604903908601537,-4.0906154343617096E-4
20.002,0.01000000000000001,2.604903908601537,-4.0906154343617096E-4
20.022,0.01000000000000001,2.604903908601537,-4.0906154343617096E-4
20.042,0.01000000000000001,2.604903908601537,-4.0906154343617096E-4
20.062,0.01000000000000001,2.604903908601537,-4.0906154343617096E-4
20.084,0.01000000000000001,2.604903908601537,-4.0906154343617096E-4
20.102,1.0408340855860843E-17,2.604903908601537,-4.0906154343617096E-4
20.122,1.0408340855860843E-17,2.604903908601537,-4.0906154343617096E-4
20.142,1.0408340855860843E-17,2.604903908601537,-4.0906154343617096E-4
20.162,1.0408340855860843E-17,2.604903908601537,-4.0906154343617096E-4
20.182,1.0408340855860843E-17,2.604903908601537,-4.0906154343617096E-4
20.203,1.0408340855860843E-17,2.604903908601537,-4.0906154343617096E-4
20.222,1.0408340855860843E-17,2.604903908601537,-4.0906154343617096E-4
20.242,1.0408340855860843E-17,2.604903908601537,-4.0906154343617096E-4
20.262,1.0408340855860843E-17,2.604903908601537,-4.0906154343617096E-4
20.283,1.0408340855860843E-17,2.604903908601537,-4.0906154343617096E-4
20.302,1.0408340855860843E-17,2.604903908601537,-4.0906154343617096E-4
20.324,1.0408340855860843E-17,2.604903908601537,-4.0906154343617096E-4
20.342,1.0408340855860843E-17,2.604903908601537,-4.0906154343617096E-4
20.362,1.0408340855860843E-17,2.604903908601537,-4.0906154343617096E-4
20.382,1.0408340855860843E-17,2.604903908601537,-4.0906154343617096E-4
20.402,1.0408340855860843E-17,2.604903908601537,-4.0906154343617096E-4
20.422,1.0408340855860843E-17,2.604903908601537,-4.0906154343617096E-4
20.441,1.0408340855860843E-17,2.604903908601537,-4.0906154343617096E-4
20.462,1.0408340855860843E-17,2.604903908601537,-4.0906154343617096E-4
20.482,1.0408340855860843E-17,2.604903908601537,-4.0906154343617096E-4
20.501,1.0408340855860843E-17,2.604903908601537,-4.0906154343617096E-4
20.521,1.0408340855860843E-17,2.604903908601537,-4.0906154343617096E-4
20.541,1.0408340855860843E-17,2.604903908601537,-4.0906154343617096E-4
20.562,1.0408340855860843E-17,2.604903908601537,-4.0906154343617096E-4
20.582,1.0408340855860843E-17,2.604903908601537,-4.0906154343617096E-4
20.601,1.0408340855860843E-17,2.604903908601537,-4.0906154343617096E-4
20.621,1.0408340855860843E-17,2.604903908601537,-4.0906154343617096E-4
20.641,1.0408340855860843E-17,2.604903908601537,-4.0906154343617096E-4
20.661,1.0408340855860843E-17,2.604903908601537,-4.0906154343617096E-4
20.682,1.0408340855860843E-17,2.604903908601537,-4.0906154343617096E-4
20.701,1.0408340855860843E-17,2.604903908601537,-4.0906154343617096E-4
20.721,1.0408340855860843E-17,2.604903908601537,-4.0906154343617096E-4
20.741,1.0408340855860843E-17,2.604903908601537,-4.0906154343617096E-4
20.761,1.0408340855860843E-17,2.604903908601537,-4.0906154343617096E-4
20.783,1.0408340855860843E-17,2.604903908601537,-4.0906154343617096E-4
20.801,1.0408340855860843E-17,2.604903908601537,-4.0906154343617096E-4
20.821,1.0408340855860843E-17,2.604903908601537,-4.0906154343617096E-4
20.841,1.0408340855860843E-17,2.604903908601537,-4.0906154343617096E-4
20.861,1.0408340855860843E-17,2.604903908601537,-4.0906154343617096E-4
20.881,1.0408340855860843E-17,2.604903908601537,-4.0906154343617096E-4
20.901,1.0408340855860843E-17,2.604903908601537,-4.0906154343617096E-4
20.985,1.0408340855860843E-17,2.604903908601537,-4.0906154343617096E-4
21.001,1.0408340855860843E-17,2.604903908601537,-4.0906154343617096E-4
21.021,1.0408340855860843E-17,2.604903908601537,-4.0906154343617096E-4
21.041,1.0408340855860843E-17,2.604903908601537,-4.0906154343617096E-4
21.061,1.0408340855860843E-17,2.604903908601537,-4.0906154343617096E-4
21.081,1.0408340855860843E-17,2.604903908601537,-4.0906154343617096E-4
21.101,1.0408340855860843E-17,2.604903908601537,-4.0906154343617096E-4
21.121,1.0408340855860843E-17,2.604903908601537,-4.0906154343617096E-4
21.141,1.0408340855860843E-17,2.604903908601537,-4.0906154343617096E-4
21.161,1.0408340855860843E-17,2.604903908601537,-4.0906154343617096E-4
21.181,1.0408340855860843E-17,2.604903908601537,-4.0906154343617096E-4
21.201,1.0408340855860843E-17,2.604903908601537,-4.0906154343617096E-4
21.221,1.0408340855860843E-17,2.604903908601537,-4.0906154343617096E-4
21.241,1.0408340855860843E-17,2.604903908601537,-4.0906154343617096E-4
21.261,1.0408340855860843E-17,2.604903908601537,-4.0906154343617096E-4
21.281,1.0408340855860843E-17,2.604903908601537,-4.0906154343617096E-4
21.301,1.0408340855860843E-17,2.604903908601537,-4.0906154343617096E-4
21.321,1.0408340855860843E-17,2.604903908601537,-4.0906154343617096E-4
21.341,1.0408340855860843E-17,2.604903908601537,-4.0906154343617096E-4
21.361,1.0408340855860843E-17,2.604903908601537,-4.0906154343617096E-4
21.381,1.0408340855860843E-17,2.604903908601537,-4.0906154343617096E-4
21.404,1.0408340855860843E-17,2.604903908601537,-4.0906154343617096E-4
21.422,1.0408340855860843E-17,2.604903908601537,-4.0906154343617096E-4
21.441,1.0408340855860843E-17,2.604903908601537,-4.0906154343617096E-4
21.461,1.0408340855860843E-17,2.604903908601537,-4.0906154343617096E-4
21.481,1.0408340855860843E-17,2.604903908601537,-4.0906154343617096E-4
21.503,1.0408340855860843E-17,2.604903908601537,-4.0906154343617096E-4
21.522,1.0408340855860843E-17,2.604903908601537,-4.0906154343617096E-4
21.541,1.0408340855860843E-17,2.604903908601537,-4.0906154343617096E-4
21.561,1.0408340855860843E-17,2.604903908601537,-4.0906154343617096E-4
21.581,1.0408340855860843E-17,2.604903908601537,-4.0906154343617096E-4
21.602,1.0408340855860843E-17,2.604903908601537,-4.0906154343617096E-4
21.621,1.0408340855860843E-17,2.604903908601537,-4.0906154343617096E-4
21.641,1.0408340855860843E-17,2.604903908601537,-4.0906154343617096E-4
21.661,1.0408340855860843E-17,2.604903908601537,-4.0906154343617096E-4
21.681,1.0408340855860843E-17,2.604903908601537,-4.0906154343617096E-4
21.701,1.0408340855860843E-17,2.604903908601537,-4.0906154343617096E-4
21.721,1.0408340855860843E-17,2.604903908601537,-4.0906154343617096E-4
21.741,1.0408340855860843E-17,2.604903908601537,-4.0906154343617096E-4
21.761,1.0408340855860843E-17,2.604903908601537,-4.0906154343617096E-4
21.781,1.0408340855860843E-17,2.604903908601537,-4.0906154343617096E-4
21.801,1.0408340855860843E-17,2.604903908601537,-4.0906154343617096E-4
21.821,1.0408340855860843E-17,2.604903908601537,-4.0906154343617096E-4
21.843,1.0408340855860843E-17,2.604903908601537,-4.0906154343617096E-4
21.861,1.0408340855860843E-17,2.604903908601537,-4.0906154343617096E-4
21.882,1.0408340855860843E-17,2.604903908601537,-4.0906154343617096E-4
21.901,1.0408340855860843E-17,2.604903908601537,-4.0906154343617096E-4
21.921,1.0408340855860843E-17,2.604903908601537,-4.0906154343617096E-4
21.941,1.0408340855860843E-17,2.604903908601537,-4.0906154343617096E-4
21.962,1.0408340855860843E-17,2.604903908601537,-4.0906154343617096E-4
21.981,1.0408340855860843E-17,2.604903908601537,-4.0906154343617096E-4
22.001,1.0408340855860843E-17,2.604903908601537,-4.0906154343617096E-4
22.021,1.0408340855860843E-17,2.604903908601537,-4.0906154343617096E-4
22.041,1.0408340855860843E-17,2.604903908601537,-4.0906154343617096E-4
